1 0.0107314
2 0.0109609
3 0.0112356
4 0.00811484
5 0.00806816
6 0.0107555
7 0.0117401
8 0.0107303
9 0.0112042
10 0.0113346
11 0.0113425
12 0.0080011
13 0.0107524
14 0.00809572
15 0.0108507
16 0.0108402
17 0.0107715
18 0.0112953
19 0.00801386
20 0.010771
21 0.011242
22 0.00848291
23 0.00802512
24 0.0112128
25 0.0107721
26 0.00807608
27 0.0107544
28 0.0111975
29 0.00801945
30 0.00900145
31 0.00799329
32 0.0107873
33 0.0108324
34 0.00807561
35 0.0107762
36 0.0107671
37 0.0107762
38 0.0108358
39 0.0087778
40 0.0107901
41 0.00801936
42 0.0113443
43 0.00803447
44 0.00801386
45 0.00802898
46 0.0108371
47 0.0107789
48 0.00803529
49 0.0109199
50 0.0108323
51 0.0107266
52 0.0115465
53 0.0110255
54 0.01073
55 0.00812136
56 0.00900273
57 0.00803369
58 0.0108895
59 0.011143
60 0.00809948
61 0.0111929
62 0.0107884
63 0.0108421
64 0.0107867
65 0.00855758
66 0.0107506
67 0.0107465
68 0.00800347
69 0.0107894
70 0.00842286
71 0.00799947
72 0.00801348
73 0.0113644
74 0.0107739
75 0.0108209
76 0.00848314
77 0.00809375
78 0.00809712
79 0.0119966
80 0.0112345
81 0.0110651
82 0.00861986
83 0.00802991
84 0.0107815
85 0.0117688
86 0.00878997
87 0.00900147
88 0.00900567
89 0.00884532
90 0.00801931
91 0.0090398
92 0.00802974
93 0.00845835
94 0.0112735
95 0.0107628
96 0.0108507
97 0.0108489
98 0.0112222
99 0.0112566
100 0.0108612
101 0.0084884
102 0.0107266
103 0.0107743
104 0.0109322
105 0.011193
106 0.0107787
107 0.0108494
108 0.0080203
109 0.0118248
110 0.010747
111 0.00802908
112 0.0110101
113 0.0115553
114 0.0112953
115 0.0107599
116 0.0112506
117 0.0108562
118 0.0108448
119 0.0107865
120 0.00823725
121 0.00802898
122 0.010781
123 0.010805
124 0.00806976
125 0.011008
126 0.00803183
127 0.00802455
128 0.0107878
129 0.00860298
130 0.010757
131 0.0084709
132 0.00801219
133 0.0113651
134 0.0107783
135 0.0108068
136 0.0085985
137 0.00840271
138 0.00802548
139 0.00800493
140 0.00802301
141 0.0107826
142 0.0107754
143 0.0108507
144 0.0112514
145 0.0108899
146 0.00801945
147 0.0113885
148 0.00800802
149 0.0108156
150 0.00803401
151 0.0080445
152 0.00799947
153 0.00802028
154 0.0088213
155 0.0090645
156 0.0108247
157 0.0112081
158 0.00846133
159 0.00800802
160 0.0108862
161 0.00904676
162 0.0108697
163 0.00803179
164 0.0114056
165 0.0113489
166 0.0113443
167 0.0083038
168 0.00807557
169 0.0108448
170 0.0120426
171 0.0112805
172 0.0084876
173 0.0107555
174 0.0108123
175 0.00803113
176 0.00809
177 0.0107754
178 0.00830977
179 0.0115726
180 0.0108895
181 0.010792
182 0.0115689
183 0.00803369
184 0.0107946
185 0.00803866
186 0.00800706
187 0.0107839
188 0.00801931
189 0.010784
190 0.0113654
191 0.010783
192 0.00806856
193 0.0109783
194 0.0108429
195 0.0086534
196 0.00849071
197 0.00804404
198 0.0108013
199 0.00803566
200 0.0108217
201 0.0107492
202 0.0084709
203 0.00905629
204 0.0112079
205 0.0108476
206 0.00802614
207 0.0107633
208 0.0109774
209 0.00875411
210 0.0107851
211 0.00801945
212 0.0107707
213 0.0112268
214 0.0107495
215 0.00800493
216 0.00863353
217 0.0112551
218 0.00888782
219 0.0107903
220 0.0107967
221 0.0111078
222 0.00838172
223 0.0109096
224 0.0112117
225 0.00803757
226 0.00801348
227 0.00801931
228 0.00801602
229 0.0108429
230 0.00802667
231 0.0112066
232 0.010846
233 0.0111928
234 0.0112081
235 0.0108032
236 0.0107783
237 0.0088222
238 0.00802467
239 0.0108895
240 0.00800802
241 0.0085578
242 0.00818149
243 0.00818024
244 0.00812364
245 0.00812364
246 0.00812655
247 0.00816776
248 0.0108786
249 0.00799204
250 0.0109036
251 0.0108786
252 0.00858918
253 0.0109397
254 0.0107835
255 0.0108566
256 0.0108454
257 0.0080011
258 0.00800706
259 0.00809572
260 0.0108566
261 0.0087778
262 0.011347
263 0.0118014
264 0.0107781
265 0.0112514
266 0.00802226
267 0.00842156
268 0.0108329
269 0.00890474
270 0.0108874
271 0.0108161
272 0.0108858
273 0.0080854
274 0.011434
275 0.0112894
276 0.0113706
277 0.0112222
278 0.0108267
279 0.0108786
280 0.0108297
281 0.0107266
282 0.0107292
283 0.0107304
284 0.0118057
285 0.0109559
286 0.00900007
287 0.0117487
288 0.011709
289 0.0107795
290 0.010732
291 0.00863353
292 0.00803684
293 0.0110813
294 0.00801386
295 0.0107312
296 0.00803529
297 0.0107266
298 0.0117534
299 0.0107391
300 0.0107939
301 0.00799204
302 0.0107369
303 0.0107886
304 0.00807435
305 0.00806211
306 0.010778
307 0.0108554
308 0.0112354
309 0.00814762
310 0.008174
311 0.0111189
312 0.00807904
313 0.00812331
314 0.00810865
315 0.00809948
316 0.00807359
317 0.00850193
318 0.0112053
319 0.0112514
320 0.0107795
321 0.0112237
322 0.0118386
323 0.010747
324 0.0114154
325 0.00804631
326 0.0112771
327 0.0108067
328 0.0112222
329 0.0082364
330 0.0117757
331 0.00904625
332 0.0108897
333 0.0115455
334 0.0090645
335 0.0113602
336 0.0107955
337 0.00817344
338 0.011596
339 0.00860298
340 0.0113957
341 0.0108723
342 0.0107698
343 0.00804635
344 0.00801945
345 0.010815
346 0.00802908
347 0.00804263
348 0.0107671
349 0.0108647
350 0.0108862
351 0.00846172
352 0.00802339
353 0.0109751
354 0.0109751
355 0.00802715
356 0.011339
357 0.00801358
358 0.0108895
359 0.00802846
360 0.0112716
361 0.0107744
362 0.00819923
363 0.00817344
364 0.00803179
365 0.00801945
366 0.00805946
367 0.0108217
368 0.00799204
369 0.0114049
370 0.00806674
371 0.0113579
372 0.0108013
373 0.0107843
374 0.0107831
375 0.0118207
376 0.0109856
377 0.0118617
378 0.011862
379 0.0109861
380 0.00803516
381 0.00822417
382 0.0109219
383 0.00806144
384 0.0108113
385 0.0108032
386 0.00861196
387 0.00801623
388 0.0107866
389 0.0112345
390 0.0107832
391 0.00799401
392 0.010749
393 0.0118077
394 0.0112222
395 0.00849419
396 0.0111976
397 0.0107915
398 0.00905629
399 0.009268
400 0.00802467
401 0.00804159
402 0.00803529
403 0.00801219
404 0.00801386
405 0.00805588
406 0.00817344
407 0.0112014
408 0.00801348
409 0.0108686
410 0.00801386
411 0.00840622
412 0.00803155
413 0.0107438
414 0.0112426
415 0.00849647
416 0.0112258
417 0.0107783
418 0.00850062
419 0.0112222
420 0.0114308
421 0.0107929
422 0.0107473
423 0.0107866
424 0.00801848
425 0.010784
426 0.00845947
427 0.0110559
428 0.0107839
429 0.010749
430 0.00901368
431 0.0117871
432 0.00882772
433 0.0107329
434 0.00903567
435 0.00805744
436 0.0119657
437 0.0108429
438 0.0115526
439 0.0107291
440 0.0108618
441 0.00801219
442 0.00801089
443 0.0115424
444 0.0108157
445 0.0115862
446 0.00803547
447 0.01079
448 0.00802908
449 0.0080502
450 0.00803405
451 0.0107867
452 0.0112978
453 0.0108429
454 0.0108018
455 0.00810866
456 0.00803519
457 0.0113522
458 0.0107947
459 0.0107536
460 0.0108429
461 0.0111929
462 0.00824673
463 0.0114154
464 0.0090413
465 0.00801304
466 0.00882591
467 0.008583
468 0.0109751
469 0.0080379
470 0.0111275
471 0.0112268
472 0.0108431
473 0.00927943
474 0.0107777
475 0.00808189
476 0.0107617
477 0.0113774
478 0.0115695
479 0.0108186
480 0.0112163
481 0.00848651
482 0.0112811
483 0.010795
484 0.00805138
485 0.00803582
486 0.010844
487 0.0108429
488 0.0090402
489 0.00855174
490 0.0107754
491 0.00799795
492 0.00801931
493 0.00851365
494 0.0114154
495 0.00799947
496 0.00801931
497 0.00840357
498 0.0108693
499 0.0107903
500 0.00803849
501 0.0108217
502 0.00804631
503 0.0107544
504 0.00807156
505 0.0108363
506 0.00802566
507 0.010827
508 0.00803588
509 0.00801945
510 0.00808189
511 0.0079975
512 0.0107961
513 0.0113885
514 0.0108307
515 0.0108305
516 0.00799564
517 0.00888301
518 0.0112108
519 0.00801898
520 0.00804066
521 0.0112318
522 0.0107744
523 0.0112163
524 0.010815
525 0.00801386
526 0.0115905
527 0.0107807
528 0.008013
529 0.00860311
530 0.00852887
531 0.00805631
532 0.0110813
533 0.00802314
534 0.0115733
535 0.0108486
536 0.0107739
537 0.0112418
538 0.0112081
539 0.0086534
540 0.0115537
541 0.0108307
542 0.0109644
543 0.011247
544 0.010773
545 0.0108076
546 0.010747
547 0.0108208
548 0.0109013
549 0.0108471
550 0.0107726
551 0.00806674
552 0.00801348
553 0.00806144
554 0.00802296
555 0.011255
556 0.0080316
557 0.00801386
558 0.0112451
559 0.00850182
560 0.00809244
561 0.00846493
562 0.010784
563 0.0108358
564 0.00813512
565 0.0107939
566 0.010784
567 0.0107726
568 0.0110813
569 0.0108254
570 0.00809244
571 0.00803731
572 0.0115698
573 0.00847683
574 0.00804634
575 0.0109882
576 0.0107894
577 0.0113871
578 0.0112165
579 0.0108208
580 0.0108235
581 0.0108895
582 0.0108554
583 0.011193
584 0.00801386
585 0.00806232
586 0.00806581
587 0.0108438
588 0.0108521
589 0.00808961
590 0.0113361
591 0.00848314
592 0.0107485
593 0.0107768
594 0.0118139
595 0.0107789
596 0.0113007
597 0.00799937
598 0.00803405
599 0.00803257
600 0.00838472
601 0.0108217
602 0.00800347
603 0.00847602
604 0.00813357
605 0.0088241
606 0.0107715
607 0.0108307
608 0.0107599
609 0.00881689
610 0.00803706
611 0.0114142
612 0.00851972
613 0.0112409
614 0.0080139
615 0.0108002
616 0.0112448
617 0.0107869
618 0.0115456
619 0.00899856
620 0.00802614
621 0.0107333
622 0.0109101
623 0.0107306
624 0.00799564
625 0.0107795
626 0.0108018
627 0.00803359
628 0.0112258
629 0.010786
630 0.00817344
631 0.00810169
632 0.00802992
633 0.00802512
634 0.00807098
635 0.00806619
636 0.0107746
637 0.00814457
638 0.00802846
639 0.0115646
640 0.00803866
641 0.00885707
642 0.00805689
643 0.0108291
644 0.0109488
645 0.0112485
646 0.0112455
647 0.0112426
648 0.00800706
649 0.0112541
650 0.0107743
651 0.0107995
652 0.0109811
653 0.0110359
654 0.0112119
655 0.0113851
656 0.0107666
657 0.00802296
658 0.0116214
659 0.0084828
660 0.0107544
661 0.00802467
662 0.00800802
663 0.0107754
664 0.00806187
665 0.01079
666 0.0115174
667 0.00803257
668 0.0114084
669 0.00801348
670 0.00809
671 0.00805357
672 0.00860298
673 0.0112108
674 0.00801931
675 0.0107947
676 0.0107555
677 0.00830977
678 0.0107555
679 0.011239
680 0.00797233
681 0.0108389
682 0.00806144
683 0.00802133
684 0.0107795
685 0.00801761
686 0.00803719
687 0.00803626
688 0.010788
689 0.00802651
690 0.0108172
691 0.00815879
692 0.0107684
693 0.00807186
694 0.00806674
695 0.010836
696 0.0108358
697 0.0108792
698 0.00809397
699 0.0113152
700 0.00883999
701 0.0090279
702 0.0107676
703 0.0108142
704 0.00810832
705 0.00804175
706 0.00801931
707 0.0107684
708 0.0111511
709 0.0107671
710 0.00850482
711 0.0112211
712 0.0107526
713 0.0107689
714 0.00809375
715 0.00801955
716 0.0108054
717 0.011297
718 0.00847602
719 0.00846133
720 0.010755
721 0.0107989
722 0.00801358
723 0.00813456
724 0.0107821
725 0.00863111
726 0.0108489
727 0.0115922
728 0.0110836
729 0.00856028
730 0.0108481
731 0.00802577
732 0.00861986
733 0.0120439
734 0.00845207
735 0.0107973
736 0.00804217
737 0.00809354
738 0.00814361
739 0.00802028
740 0.00799368
741 0.0107981
742 0.00847473
743 0.0107945
744 0.0107923
745 0.0112108
746 0.00881014
747 0.0112274
748 0.0107832
749 0.00853481
750 0.0107817
751 0.00849419
752 0.0108138
753 0.0107919
754 0.00801262
755 0.0107506
756 0.00801386
757 0.0085985
758 0.00802938
759 0.00800493
760 0.0107684
761 0.0112514
762 0.0112772
763 0.0107727
764 0.0107658
765 0.00805631
766 0.0081392
767 0.00801945
768 0.0080139
769 0.0108167
770 0.00800802
771 0.00800612
772 0.00805147
773 0.00801348
774 0.0107911
775 0.00803626
776 0.00804284
777 0.0107803
778 0.0108254
779 0.0112258
780 0.0080379
781 0.0107806
782 0.00801898
783 0.00801219
784 0.0107655
785 0.0112472
786 0.0108362
787 0.00805147
788 0.0115166
789 0.0107936
790 0.0112318
791 0.0107731
792 0.00807557
793 0.00801168
794 0.0107684
795 0.0108452
796 0.0107923
797 0.0114159
798 0.010771
799 0.0117957
800 0.0111219
801 0.00807586
802 0.010869
803 0.00804179
804 0.00803057
805 0.00802467
806 0.00889641
807 0.0107524
808 0.00809122
809 0.0109796
810 0.0107829
811 0.00801931
812 0.00801482
813 0.00800706
814 0.0107811
815 0.00801386
816 0.00806134
817 0.00801386
818 0.0107988
819 0.0107506
820 0.010845
821 0.0113897
822 0.0113443
823 0.0112075
824 0.00809666
825 0.010784
826 0.0112199
827 0.0108227
828 0.00843111
829 0.00811863
830 0.0085148
831 0.0108074
832 0.0112999
833 0.0080643
834 0.00801219
835 0.00801348
836 0.0113409
837 0.00802687
838 0.010762
839 0.0107715
840 0.0114147
841 0.00850007
842 0.0090645
843 0.0107744
844 0.0107684
845 0.0107684
846 0.00797779
847 0.00861243
848 0.0107524
849 0.0108177
850 0.0079975
851 0.00806125
852 0.0108046
853 0.00811351
854 0.0112978
855 0.00799884
856 0.00802467
857 0.0107974
858 0.0107744
859 0.011634
860 0.00847602
861 0.0107369
862 0.0115663
863 0.0107492
864 0.0088213
865 0.0079975
866 0.00803312
867 0.0111384
868 0.00809712
869 0.00808128
870 0.0113765
871 0.00808128
872 0.0107616
873 0.0107612
874 0.010854
875 0.00805597
876 0.00804706
877 0.011308
878 0.0113989
879 0.00807006
880 0.0113285
881 0.0114236
882 0.0112784
883 0.0080468
884 0.0108321
885 0.00817747
886 0.0108052
887 0.0108515
888 0.0107562
889 0.00810145
890 0.0107804
891 0.0080747
892 0.00850709
893 0.0108126
894 0.0113072
895 0.00852214
896 0.0109328
897 0.00805059
898 0.00805379
899 0.00807686
900 0.00818527
901 0.00813278
902 0.00817747
903 0.00807662
904 0.0107447
905 0.0113757
906 0.0108134
907 0.0108542
908 0.0112966
909 0.00808973
910 0.0108079
911 0.00808745
912 0.010933
913 0.0108095
914 0.0108472
915 0.0110549
916 0.00819078
917 0.0118319
918 0.011398
919 0.0107891
920 0.0080379
921 0.0113436
922 0.011274
923 0.0107999
924 0.00849419
925 0.0114233
926 0.0118601
927 0.00804939
928 0.0107947
929 0.0085176
930 0.011231
931 0.0113588
932 0.0110735
933 0.00830188
934 0.00832049
935 0.0118576
936 0.0107746
937 0.00805501
938 0.00806466
939 0.0114103
940 0.00818059
941 0.0108669
942 0.0109326
943 0.00803351
944 0.0110735
945 0.0112321
946 0.0109355
947 0.0108126
948 0.0107727
949 0.011275
950 0.0107418
951 0.00806862
952 0.0108282
953 0.0117554
954 0.00886651
955 0.00817809
956 0.0107902
957 0.00848695
958 0.0112354
959 0.0108411
960 0.0110105
961 0.0114128
962 0.0086653
963 0.00853354
964 0.0109457
965 0.00849566
966 0.00853312
967 0.0114055
968 0.0117817
969 0.00806216
970 0.00817747
971 0.00809712
972 0.00804062
973 0.00851537
974 0.0112138
975 0.0113746
976 0.0112634
977 0.00847602
978 0.00850891
979 0.00805857
980 0.0114196
981 0.00808014
982 0.0109731
983 0.0114083
984 0.00807172
985 0.00807014
986 0.00818185
987 0.0084046
988 0.00806819
989 0.0108115
990 0.0085798
991 0.00850992
992 0.00882695
993 0.0112684
994 0.0108107
995 0.0107942
996 0.0109364
997 0.0114154
998 0.00806639
999 0.0112687
1000 0.0112444
1001 0.00848792
1002 0.0085453
1003 0.0118634
1004 0.0108476
1005 0.00805398
1006 0.0113741
1007 0.0118136
1008 0.0112192
1009 0.00832405
1010 0.0118344
1011 0.011231
1012 0.00905868
1013 0.0118645
1014 0.0112851
1015 0.0113171
1016 0.00805625
1017 0.0112585
1018 0.00865812
1019 0.00810071
1020 0.0109484
1021 0.00839993
1022 0.0108399
1023 0.0080478
1024 0.00804238
1025 0.00818187
1026 0.0112339
1027 0.00802647
1028 0.0108229
1029 0.00806669
1030 0.00827921
1031 0.0112883
1032 0.0107811
1033 0.00849566
1034 0.0118136
1035 0.0108027
1036 0.0112715
1037 0.0107983
1038 0.0113378
1039 0.00808075
1040 0.0113974
1041 0.0112383
1042 0.0107875
1043 0.0114136
1044 0.0081121
1045 0.0112724
1046 0.010867
1047 0.00811556
1048 0.0114159
1049 0.0107682
1050 0.0110338
1051 0.0112445
1052 0.0108719
1053 0.0108574
1054 0.0108973
1055 0.00851164
1056 0.0108132
1057 0.0108368
1058 0.0112705
1059 0.0112677
1060 0.0112699
1061 0.0108036
1062 0.0112455
1063 0.0107565
1064 0.0108573
1065 0.0108332
1066 0.00809334
1067 0.0108006
1068 0.0108054
1069 0.0086553
1070 0.0114059
1071 0.0107785
1072 0.010851
1073 0.0107902
1074 0.00857233
1075 0.0107798
1076 0.011267
1077 0.00865921
1078 0.0113608
1079 0.0114257
1080 0.0110493
1081 0.0112707
1082 0.0114342
1083 0.0112537
1084 0.0108054
1085 0.00824388
1086 0.0114372
1087 0.0112435
1088 0.0107955
1089 0.011247
1090 0.0109977
1091 0.0112684
1092 0.0114752
1093 0.0107975
1094 0.0113106
1095 0.0110079
1096 0.0112721
1097 0.0109362
1098 0.0113104
1099 0.0112257
1100 0.0108509
1101 0.0108666
1102 0.0108286
1103 0.0107941
1104 0.0112585
1105 0.01182
1106 0.0112247
1107 0.0112083
1108 0.00848517
1109 0.00848314
1110 0.00805831
1111 0.00891158
1112 0.00886472
1113 0.0114121
1114 0.00811231
1115 0.0113852
1116 0.0108153
1117 0.0119791
1118 0.010921
1119 0.00853312
1120 0.0114197
1121 0.00811684
1122 0.00809288
1123 0.01092
1124 0.00805078
1125 0.00818538
1126 0.0080518
1127 0.0112039
1128 0.0107716
1129 0.00849229
1130 0.00810676
1131 0.00803863
1132 0.00811648
1133 0.00853312
1134 0.0113255
1135 0.0118136
1136 0.00818203
1137 0.0116632
1138 0.0108577
1139 0.0118136
1140 0.0112954
1141 0.0082836
1142 0.00803327
1143 0.00886446
1144 0.00818476
1145 0.0107758
1146 0.00804967
1147 0.0118293
1148 0.0114221
1149 0.011269
1150 0.00805755
1151 0.0116366
1152 0.00818527
1153 0.0112472
1154 0.0113611
1155 0.0110447
1156 0.00806819
1157 0.00885992
1158 0.0114093
1159 0.0114084
1160 0.0108139
1161 0.0112612
1162 0.00803867
1163 0.0080757
1164 0.00809246
1165 0.00807425
1166 0.00799204
1167 0.00806694
1168 0.00852577
1169 0.00855364
1170 0.0112397
1171 0.00808937
1172 0.00804573
1173 0.00848958
1174 0.0081005
1175 0.0108739
1176 0.0108487
1177 0.0108291
1178 0.00932101
1179 0.010876
1180 0.0110397
1181 0.00828436
1182 0.010766
1183 0.0108408
1184 0.00808808
1185 0.0108254
1186 0.0112751
1187 0.0112505
1188 0.0088933
1189 0.00831779
1190 0.0113512
1191 0.0112624
1192 0.0108168
1193 0.0108514
1194 0.0112826
1195 0.0109946
1196 0.0114045
1197 0.0107978
1198 0.00852668
1199 0.0107911
1200 0.00818856
1201 0.0082836
1202 0.00818288
1203 0.0118176
1204 0.0109328
1205 0.00854119
1206 0.00886577
1207 0.0108515
1208 0.00804863
1209 0.00813416
1210 0.0081765
1211 0.0108512
1212 0.0108819
1213 0.01142
1214 0.00807172
1215 0.011551
1216 0.0081907
1217 0.0116151
1218 0.0112649
1219 0.00818167
1220 0.0114211
1221 0.0114117
1222 0.0111477
1223 0.0109842
1224 0.00810127
1225 0.0081307
1226 0.00811208
1227 0.00805366
1228 0.00807243
1229 0.00818348
1230 0.0112622
1231 0.00807711
1232 0.00804968
1233 0.00818167
1234 0.0113175
1235 0.0107929
1236 0.00811303
1237 0.00807801
1238 0.0109515
1239 0.0107864
1240 0.0111278
1241 0.00803716
1242 0.0112986
1243 0.00821791
1244 0.00868607
1245 0.0108664
1246 0.0108505
1247 0.0114103
1248 0.0115637
1249 0.0107883
1250 0.0108455
1251 0.0108053
1252 0.0112245
1253 0.0108092
1254 0.0112585
1255 0.00802604
1256 0.00886651
1257 0.0107932
1258 0.00812923
1259 0.0108125
1260 0.00807074
1261 0.00805393
1262 0.0108428
1263 0.0114209
1264 0.0109478
1265 0.00804781
1266 0.0113152
1267 0.0110393
1268 0.0107847
1269 0.00800913
1270 0.00807254
1271 0.0107871
1272 0.00799884
1273 0.00865677
1274 0.00803972
1275 0.00818185
1276 0.0108073
1277 0.0108319
1278 0.0113823
1279 0.00848507
1280 0.00802694
1281 0.0113435
1282 0.0108225
1283 0.00804863
1284 0.00806265
1285 0.0081805
1286 0.0114116
1287 0.0112746
1288 0.0108809
1289 0.00811855
1290 0.00803588
1291 0.0107627
1292 0.0107775
1293 0.0116641
1294 0.0108115
1295 0.0108474
1296 0.0112086
1297 0.00805827
1298 0.0107869
1299 0.00804475
1300 0.0108662
1301 0.0107249
1302 0.0108447
1303 0.0112673
1304 0.0113929
1305 0.00849419
1306 0.0114064
1307 0.00805511
1308 0.010805
1309 0.0107936
1310 0.00805164
1311 0.0107902
1312 0.00807091
1313 0.0108309
1314 0.0110095
1315 0.011205
1316 0.00810382
1317 0.0081823
1318 0.0112461
1319 0.00852464
1320 0.0114203
1321 0.0080391
1322 0.0108176
1323 0.0112805
1324 0.0108115
1325 0.011822
1326 0.0110163
1327 0.0112426
1328 0.0118628
1329 0.00803526
1330 0.0112604
1331 0.00818882
1332 0.0107924
1333 0.0112585
1334 0.0108107
1335 0.00801386
1336 0.00849676
1337 0.0108024
1338 0.0108898
1339 0.0112698
1340 0.00851742
1341 0.0112239
1342 0.0112892
1343 0.0109438
1344 0.00817788
1345 0.00810791
1346 0.00807323
1347 0.0112863
1348 0.0117875
1349 0.00805317
1350 0.00817726
1351 0.00816548
1352 0.00817788
1353 0.0108644
1354 0.00807277
1355 0.0108296
1356 0.0108345
1357 0.00808327
1358 0.00806192
1359 0.0112108
1360 0.00817788
1361 0.00818469
1362 0.00804266
1363 0.00811432
1364 0.00819049
1365 0.011257
1366 0.0108669
1367 0.0107486
1368 0.0108933
1369 0.0108935
1370 0.0081805
1371 0.0112685
1372 0.00846149
1373 0.00850102
1374 0.0108604
1375 0.0108426
1376 0.00805216
1377 0.0112669
1378 0.00828893
1379 0.00805317
1380 0.0112451
1381 0.00849754
1382 0.0109415
1383 0.011278
1384 0.00855836
1385 0.0108129
1386 0.00805124
1387 0.00869204
1388 0.0112555
1389 0.0113148
1390 0.0108161
1391 0.010828
1392 0.00865069
1393 0.00812694
1394 0.0108357
1395 0.0107843
1396 0.0114205
1397 0.0116084
1398 0.00801386
1399 0.0108428
1400 0.00804964
1401 0.0108476
1402 0.00803526
1403 0.00806709
1404 0.0108112
1405 0.00853316
1406 0.00810121
1407 0.0107955
1408 0.0112598
1409 0.0113164
1410 0.0120108
1411 0.00811208
1412 0.00819064
1413 0.0115547
1414 0.00818167
1415 0.0113386
1416 0.0113499
1417 0.0114098
1418 0.011274
1419 0.0112651
1420 0.00807467
1421 0.00806645
1422 0.00805644
1423 0.0115484
1424 0.00840143
1425 0.0107957
1426 0.0083565
1427 0.00806331
1428 0.01163
1429 0.00852214
1430 0.00818013
1431 0.00805045
1432 0.00810652
1433 0.0108057
1434 0.0108857
1435 0.0112714
1436 0.0107881
1437 0.010803
1438 0.0116139
1439 0.0109378
1440 0.00805315
1441 0.010946
1442 0.010946
1443 0.0114133
1444 0.0108368
1445 0.0112628
1446 0.0113076
1447 0.0112506
1448 0.0115499
1449 0.010946
1450 0.0117928
1451 0.0108403
1452 0.0114596
1453 0.00812796
1454 0.0108897
1455 0.0109366
1456 0.00805315
1457 0.00818163
1458 0.0112962
1459 0.0113393
1460 0.0114101
1461 0.0118046
1462 0.0117445
1463 0.00818265
1464 0.0112532
1465 0.0108142
1466 0.0110669
1467 0.00912651
1468 0.0112864
1469 0.0111763
1470 0.0108292
1471 0.0110185
1472 0.011272
1473 0.010747
1474 0.0080318
1475 0.0118363
1476 0.0112872
1477 0.0107947
1478 0.0108674
1479 0.0107829
1480 0.0113566
1481 0.0112543
1482 0.00885305
1483 0.00802734
1484 0.0108246
1485 0.0108033
1486 0.011226
1487 0.011496
1488 0.0111288
1489 0.0108102
1490 0.0112454
1491 0.0107864
1492 0.0108442
1493 0.0112129
1494 0.010812
1495 0.0080558
1496 0.0080953
1497 0.0108225
1498 0.0107811
1499 0.0108505
1500 0.0108593
1501 0.0109351
1502 0.0113137
1503 0.00806201
1504 0.0109594
1505 0.0108174
1506 0.011049
1507 0.011278
1508 0.00805161
1509 0.0112585
1510 0.00809529
1511 0.0108502
1512 0.0108132
1513 0.0108348
1514 0.0108042
1515 0.0113216
1516 0.011309
1517 0.00877922
1518 0.011843
1519 0.0110952
1520 0.010821
1521 0.0110412
1522 0.0108235
1523 0.0114199
1524 0.0114101
1525 0.010786
1526 0.00811862
1527 0.00799937
1528 0.00889269
1529 0.0108035
1530 0.0110173
1531 0.0115119
1532 0.0112775
1533 0.0107938
1534 0.0108601
1535 0.0115853
1536 0.0112572
1537 0.0112674
1538 0.00803257
1539 0.0112083
1540 0.0080854
1541 0.0117699
1542 0.0113352
1543 0.0108553
1544 0.0112796
1545 0.0108932
1546 0.010859
1547 0.0108061
1548 0.0112617
1549 0.00811723
1550 0.0108353
1551 0.0108028
1552 0.00816831
1553 0.0108012
1554 0.00801205
1555 0.0108444
1556 0.0080493
1557 0.00801595
1558 0.0080823
1559 0.00803947
1560 0.00804781
1561 0.0112719
1562 0.0109361
1563 0.0108601
1564 0.00883166
1565 0.0108165
1566 0.00809587
1567 0.010934
1568 0.00816136
1569 0.00883266
1570 0.010789
1571 0.0108479
1572 0.00809046
1573 0.00805849
1574 0.00809618
1575 0.0108228
1576 0.0112084
1577 0.00808413
1578 0.00809719
1579 0.0113054
1580 0.00809588
1581 0.00808001
1582 0.011321
1583 0.0107905
1584 0.011643
1585 0.0112778
1586 0.0112751
1587 0.0109103
1588 0.0112723
1589 0.0108237
1590 0.0113127
1591 0.0112697
1592 0.0108125
1593 0.0108294
1594 0.0108191
1595 0.0109335
1596 0.0081286
1597 0.0108251
1598 0.0112423
1599 0.0108318
1600 0.00806513
1601 0.0108365
1602 0.0116245
1603 0.0113687
1604 0.0108056
1605 0.0113087
1606 0.0108647
1607 0.0110085
1608 0.0108079
1609 0.0112412
1610 0.0108458
1611 0.00809225
1612 0.0113641
1613 0.0109078
1614 0.0108532
1615 0.0114126
1616 0.010784
1617 0.0108071
1618 0.0107746
1619 0.0110487
1620 0.0115488
1621 0.0107301
1622 0.0110485
1623 0.0111499
1624 0.0107556
1625 0.00845686
1626 0.0080596
1627 0.0115895
1628 0.0112912
1629 0.0108281
1630 0.00828486
1631 0.00814114
1632 0.0108158
1633 0.0108893
1634 0.0112356
1635 0.011247
1636 0.0112065
1637 0.0108528
1638 0.0108415
1639 0.0112606
1640 0.0113061
1641 0.00805667
1642 0.0112278
1643 0.00844635
1644 0.00805965
1645 0.0107588
1646 0.0108811
1647 0.0107295
1648 0.0108536
1649 0.0107332
1650 0.011308
1651 0.00813608
1652 0.0112886
1653 0.00826458
1654 0.00803849
1655 0.00803719
1656 0.011602
1657 0.0118551
1658 0.00812472
1659 0.0107792
1660 0.0108411
1661 0.0112056
1662 0.0108276
1663 0.0114226
1664 0.0112784
1665 0.0089037
1666 0.0121937
1667 0.0116969
1668 0.0108767
1669 0.00802163
1670 0.0114437
1671 0.00805988
1672 0.0112552
1673 0.0109566
1674 0.011095
1675 0.0112017
1676 0.0114634
1677 0.011731
1678 0.0090701
1679 0.00824396
1680 0.0121146
1681 0.0107822
1682 0.011001
1683 0.01104
1684 0.0113684
1685 0.00878591
1686 0.0080799
1687 0.0114245
1688 0.0110293
1689 0.0118033
1690 0.00809484
1691 0.0116935
1692 0.00807632
1693 0.0112143
1694 0.00810152
1695 0.0107598
1696 0.00803292
1697 0.0108815
1698 0.0115895
1699 0.0080806
1700 0.00804484
1701 0.0108358
1702 0.00856924
1703 0.0113472
1704 0.00808305
1705 0.0112711
1706 0.0115514
1707 0.00810134
1708 0.0112529
1709 0.0112553
1710 0.0108898
1711 0.011449
1712 0.0108027
1713 0.0108028
1714 0.00884862
1715 0.0110846
1716 0.0112787
1717 0.0108816
1718 0.0112251
1719 0.0108313
1720 0.0108033
1721 0.00803812
1722 0.0107695
1723 0.00806221
1724 0.0107943
1725 0.010808
1726 0.00909368
1727 0.0114248
1728 0.0108313
1729 0.00804366
1730 0.0108198
1731 0.0108314
1732 0.01134
1733 0.00848905
1734 0.0111839
1735 0.0107955
1736 0.0113226
1737 0.0116042
1738 0.00888998
1739 0.0112284
1740 0.0108143
1741 0.0112314
1742 0.0120621
1743 0.0108258
1744 0.00827013
1745 0.0109152
1746 0.0108073
1747 0.0109595
1748 0.0112548
1749 0.0108105
1750 0.0118463
1751 0.0108033
1752 0.0120663
1753 0.00804398
1754 0.0108672
1755 0.0108998
1756 0.0107843
1757 0.010834
1758 0.0112599
1759 0.0109765
1760 0.0112762
1761 0.00840585
1762 0.00831264
1763 0.0108162
1764 0.0107588
1765 0.0112782
1766 0.00865215
1767 0.0112935
1768 0.0111641
1769 0.00824395
1770 0.011301
1771 0.0108318
1772 0.0108395
1773 0.00805003
1774 0.0117852
1775 0.010838
1776 0.00805889
1777 0.008063
1778 0.00803257
1779 0.00809957
1780 0.0112675
1781 0.0114229
1782 0.0111038
1783 0.00810473
1784 0.0107969
1785 0.0109406
1786 0.0111424
1787 0.0112379
1788 0.0109237
1789 0.0111634
1790 0.0108385
1791 0.01124
1792 0.0112553
1793 0.00912942
1794 0.0108504
1795 0.0107708
1796 0.0109817
1797 0.0116605
1798 0.0117685
1799 0.0116281
1800 0.0108488
1801 0.0108497
1802 0.0109187
1803 0.00863664
1804 0.00805222
1805 0.00803139
1806 0.0113143
1807 0.0107678
1808 0.00807571
1809 0.0108598
1810 0.0112619
1811 0.00805075
1812 0.0109434
1813 0.0108443
1814 0.0110271
1815 0.0115848
1816 0.00880317
1817 0.0108004
1818 0.0112758
1819 0.0109044
1820 0.00885027
1821 0.0114649
1822 0.0113544
1823 0.0107679
1824 0.00809623
1825 0.0108066
1826 0.0108388
1827 0.0118123
1828 0.00903154
1829 0.0108458
1830 0.0117667
1831 0.0108013
1832 0.00838742
1833 0.0108206
1834 0.0112144
1835 0.0108499
1836 0.0108121
1837 0.00805055
1838 0.0107936
1839 0.0108494
1840 0.0111633
1841 0.011618
1842 0.0108143
1843 0.0109053
1844 0.0113105
1845 0.0109676
1846 0.0110292
1847 0.0108268
1848 0.0107761
1849 0.0119638
1850 0.0113733
1851 0.00850709
1852 0.00807684
1853 0.0108106
1854 0.0108167
1855 0.0107534
1856 0.0108348
1857 0.0114258
1858 0.0116211
1859 0.0107941
1860 0.00826318
1861 0.0108035
1862 0.0113687
1863 0.00802457
1864 0.011264
1865 0.0109644
1866 0.00808241
1867 0.0108034
1868 0.010998
1869 0.00879274
1870 0.0112943
1871 0.011041
1872 0.0109451
1873 0.0112646
1874 0.0116091
1875 0.0108343
1876 0.0108835
1877 0.011842
1878 0.0109657
1879 0.0113063
1880 0.0110423
1881 0.00904133
1882 0.0114017
1883 0.00805605
1884 0.0120366
1885 0.0108295
1886 0.0080587
1887 0.00808188
1888 0.0114236
1889 0.0107995
1890 0.00802385
1891 0.00887268
1892 0.0108124
1893 0.00802722
1894 0.0107861
1895 0.0080478
1896 0.0114217
1897 0.0108114
1898 0.0115459
1899 0.00814155
1900 0.0108862
1901 0.00799319
1902 0.00901572
1903 0.0117701
1904 0.01089
1905 0.0112836
1906 0.0113401
1907 0.0107817
1908 0.0107979
1909 0.0108255
1910 0.0107749
1911 0.00809977
1912 0.0113043
1913 0.00859309
1914 0.0108065
1915 0.00804896
1916 0.0112672
1917 0.0120856
1918 0.00809588
1919 0.0117871
1920 0.00807228
1921 0.0108332
1922 0.0109261
1923 0.0111005
1924 0.00851626
1925 0.0108921
1926 0.0112758
1927 0.0108474
1928 0.0113156
1929 0.00808251
1930 0.00803188
1931 0.0109187
1932 0.011576
1933 0.0108474
1934 0.0108485
1935 0.00800728
1936 0.0108496
1937 0.0114397
1938 0.0107814
1939 0.010791
1940 0.00801219
1941 0.00834481
1942 0.0116051
1943 0.010846
1944 0.010814
1945 0.0108034
1946 0.0115631
