26 0.00807608
128 0.0107878
168 0.00807557
192 0.00806856
251 0.0108786
268 0.0108329
273 0.0080854
477 0.0113774
515 0.0108305
574 0.00804634
576 0.0107894
624 0.00799564
728 0.0110836
801 0.00807586
880 0.0113285
922 0.011274
947 0.0108126
961 0.0114128
980 0.0114196
997 0.0114154
1004 0.0108476
1028 0.0108229
1043 0.0114136
1048 0.0114159
1069 0.0086553
1077 0.00865921
1088 0.0107955
1151 0.0116366
1191 0.0112624
1221 0.0114117
1247 0.0114103
1263 0.0114209
1273 0.00865677
1300 0.0108662
1304 0.0113929
1361 0.00818469
1382 0.0109415
1401 0.0108476
1445 0.0112628
1460 0.0114101
1484 0.0108246
1488 0.0111288
1496 0.0080953
1513 0.0108348
1523 0.0114199
1524 0.0114101
1533 0.0107938
1547 0.0108061
1551 0.0108028
1562 0.0109361
1579 0.0113054
1595 0.0109335
1599 0.0108318
1602 0.0116245
1605 0.0113087
1614 0.0108532
1629 0.0108281
1640 0.0113061
1646 0.0108811
1660 0.0108411
1672 0.0112552
1681 0.0107822
1682 0.011001
1699 0.0080806
1714 0.00884862
1716 0.0112787
1721 0.00803812
1723 0.00806221
1731 0.0108314
1749 0.0108105
1752 0.0120663
1761 0.00840585
1790 0.0108385
1794 0.0108504
1799 0.0116281
1802 0.0109187
1813 0.0108443
1815 0.0115848
1826 0.0108388
1835 0.0108499
1837 0.00805055
1854 0.0108167
1872 0.0109451
1882 0.0114017
1887 0.00808188
1930 0.00803188
