0
0
0
105
0
0
209
0
298
0
297
0
0
0
0
0
0
0
0
0
0
0
0
0
0
300
299
0
0
298
196
0
0
0
0
0
0
0
0
0
0
299
0
0
0
0
0
0
0
0
0
120
299
0
0
0
0
0
283
206
0
0
0
0
0
299
299
0
0
0
0
0
299
0
0
0
0
0
0
0
299
0
0
0
215
0
0
10
283
0
129
0
299
0
0
0
0
0
0
0
0
0
0
0
0
0
0
0
0
194
0
0
0
0
0
0
0
0
0
0
0
0
0
0
0
0
0
300
0
112
0
0
0
0
0
299
0
0
0
0
299
0
0
0
0
0
0
0
0
0
0
0
0
0
0
0
0
0
0
0
0
0
0
0
299
299
299
300
0
299
0
0
0
0
299
0
0
294
0
0
0
0
0
0
0
0
0
0
0
0
0
300
0
0
0
0
0
0
0
0
299
0
0
211
0
0
299
0
298
0
0
0
0
0
0
0
0
0
0
0
0
299
0
0
0
0
0
0
0
0
0
0
0
0
299
0
298
0
0
0
0
0
0
0
0
0
0
0
0
0
300
298
0
283
0
0
0
0
0
0
0
299
0
0
0
0
0
300
0
0
0
0
300
0
0
0
0
196
0
299
0
0
0
0
0
0
43
283
0
0
0
0
299
0
0
0
0
299
266
0
0
299
0
0
133
0
0
0
0
0
171
209
0
0
0
0
0
299
0
0
0
0
0
0
0
0
0
0
0
105
0
0
209
0
299
0
0
0
0
0
0
0
0
0
0
0
0
0
0
0
299
0
0
0
0
0
0
0
0
0
0
0
0
0
0
0
0
0
0
0
0
0
0
0
0
0
0
0
0
0
0
0
0
0
0
299
0
0
0
0
0
0
299
0
0
0
282
0
0
0
0
0
0
0
0
0
298
0
0
0
299
0
298
0
0
0
0
0
0
0
0
298
0
0
0
0
0
0
0
82
0
0
0
0
0
130
0
221
0
0
0
0
210
0
0
0
0
0
299
0
0
0
0
0
0
0
299
0
299
0
0
299
0
0
0
0
299
0
0
299
0
0
0
0
0
299
300
259
0
0
0
196
0
0
0
0
0
220
0
0
294
0
0
0
0
0
0
0
0
0
0
0
0
0
0
0
0
0
0
0
0
298
0
0
300
0
0
0
0
0
0
0
0
0
0
0
0
0
299
0
0
299
0
244
0
0
298
0
0
0
0
0
0
299
0
0
0
0
0
0
0
0
0
0
0
0
0
0
0
0
0
0
0
0
0
0
0
299
0
0
298
0
0
300
298
300
0
281
0
0
0
0
0
0
299
299
0
0
299
0
0
299
0
0
0
0
0
0
0
0
0
0
0
299
298
0
0
0
0
0
0
0
0
0
0
0
0
129
133
0
0
0
0
300
0
0
0
0
0
0
0
0
0
0
47
0
0
0
0
0
273
0
0
0
0
0
0
0
0
0
0
299
0
0
0
0
0
0
0
0
0
0
0
0
0
298
0
0
0
0
299
0
0
0
0
299
299
299
0
299
0
0
0
0
0
0
0
0
0
0
0
0
0
0
0
0
0
0
0
0
0
0
0
0
0
0
0
0
0
0
298
299
0
0
0
299
0
0
0
299
0
0
0
0
0
0
0
300
0
0
0
0
0
130
159
0
0
0
0
299
0
0
0
0
0
0
0
0
0
0
0
0
0
0
282
0
299
0
0
0
0
0
0
0
0
0
0
0
0
0
0
0
0
0
0
0
299
0
0
0
0
0
0
0
0
0
0
298
0
0
248
0
0
0
0
0
0
0
0
299
300
0
0
0
0
0
0
0
0
0
0
0
0
0
0
0
0
298
0
0
0
299
161
0
0
0
299
299
0
0
0
0
0
0
0
298
0
0
0
0
0
0
0
0
0
209
0
0
0
0
0
0
0
0
0
0
0
0
0
0
299
299
299
0
0
0
0
0
0
0
0
0
0
0
298
0
0
0
0
300
0
0
0
0
0
0
299
299
0
211
0
0
0
0
0
0
0
0
0
0
269
0
264
0
0
298
0
0
0
0
0
0
0
0
0
0
0
0
0
0
0
300
99
0
0
0
0
0
0
0
299
0
0
0
0
0
0
282
0
0
0
0
0
0
299
0
300
289
299
108
0
0
298
0
0
299
130
0
0
299
300
0
0
0
0
0
0
157
249
0
0
0
0
0
299
0
0
0
0
300
0
298
0
0
0
0
299
0
0
283
0
298
0
0
0
0
300
0
0
0
299
0
0
300
0
299
0
0
0
0
299
0
0
0
282
0
0
0
0
0
299
0
0
0
0
299
298
300
0
0
0
0
0
0
0
0
0
0
0
0
0
0
300
0
0
0
0
300
0
0
283
0
0
0
0
0
130
0
0
0
0
0
211
0
0
0
299
0
300
0
299
0
0
0
0
130
300
299
0
0
0
0
0
5
0
0
112
300
120
0
0
299
0
0
0
0
0
0
299
0
0
0
0
0
298
209
209
0
0
0
0
0
0
0
298
299
130
0
0
0
134
0
0
0
0
0
114
0
0
0
0
0
0
0
0
0
0
0
0
283
0
0
0
0
257
0
0
0
0
0
300
0
0
299
0
0
0
0
0
299
0
0
0
0
0
0
0
0
0
130
0
298
0
0
0
0
0
0
0
0
0
129
0
299
0
0
0
0
0
299
300
299
299
0
0
0
0
0
120
0
0
0
299
0
0
0
299
0
0
0
0
0
0
0
209
0
0
0
0
0
300
209
299
0
0
0
0
0
0
0
0
0
0
0
0
0
0
0
0
299
0
0
0
0
0
0
300
0
41
0
0
283
0
0
0
0
0
0
0
0
0
0
300
0
0
0
0
0
299
0
0
0
300
0
0
0
176
0
299
299
299
0
0
0
0
0
0
0
0
0
283
288
0
0
0
196
0
0
0
300
226
0
299
300
0
0
0
0
0
115
0
0
0
0
130
0
0
0
299
0
299
0
0
0
0
0
0
0
0
0
0
0
0
0
0
0
0
0
299
0
105
0
0
0
0
0
0
0
0
0
0
0
299
0
0
0
0
0
0
0
300
0
0
0
0
0
129
0
0
0
0
129
0
0
0
0
0
0
0
0
0
300
0
0
0
0
0
178
0
0
0
0
0
0
299
0
298
0
0
0
300
0
0
0
0
0
0
0
0
212
0
0
299
0
0
299
0
0
0
0
0
0
126
0
298
33
0
0
0
0
0
0
0
0
0
0
0
0
0
0
0
0
0
0
300
289
0
299
0
226
0
0
0
0
0
0
0
0
241
300
232
130
0
0
0
0
0
0
0
0
299
0
0
0
0
0
299
0
278
299
0
0
299
300
299
299
0
300
0
0
299
0
0
0
0
300
0
0
0
0
0
0
0
283
0
0
283
0
0
0
0
0
300
0
0
0
130
0
0
299
0
0
300
300
130
0
0
0
0
298
0
0
300
298
0
0
0
0
211
0
283
0
299
0
0
0
300
299
0
0
300
0
0
298
299
0
276
0
0
0
0
300
298
0
0
0
0
0
298
0
0
0
0
0
0
0
0
0
300
0
0
0
0
0
0
0
38
0
0
283
130
0
0
0
300
0
0
299
300
0
0
300
299
299
300
0
0
0
0
298
0
299
0
300
0
299
0
299
196
130
0
196
0
299
0
0
298
0
300
0
0
0
0
299
0
209
0
0
283
300
283
299
0
0
0
300
0
0
0
0
0
0
0
0
0
0
0
178
299
300
0
0
0
0
0
252
0
0
0
0
0
300
0
132
130
196
130
0
0
0
300
300
297
0
299
0
0
298
299
0
0
283
299
0
0
0
0
299
300
0
0
0
297
0
0
291
299
0
0
0
0
0
0
300
0
300
0
299
0
299
300
0
300
0
0
0
0
0
0
0
300
298
0
299
0
0
0
0
299
0
299
0
0
0
298
0
0
0
300
0
0
300
0
298
0
0
0
283
0
0
300
0
0
0
0
283
0
289
284
0
0
0
299
299
0
0
0
0
0
130
0
0
0
0
299
0
0
0
0
300
0
0
0
300
0
0
0
284
300
0
0
300
299
0
0
0
283
0
0
299
281
278
300
299
300
0
0
0
0
298
299
299
0
0
0
300
282
44
0
298
0
0
0
0
300
0
300
0
0
289
0
0
0
0
283
298
0
299
133
299
0
0
0
300
298
0
0
0
299
299
0
239
0
298
0
0
0
299
298
0
0
300
0
0
299
0
0
0
299
0
0
300
0
0
0
0
300
0
0
0
0
0
0
0
0
0
0
130
0
0
0
0
282
0
0
298
0
298
0
283
0
297
298
211
0
130
0
0
283
299
0
299
0
0
0
0
0
0
0
300
0
0
0
0
0
0
0
299
0
0
120
299
299
0
0
267
